1,1,371,594,268,222,383,227,404,228,258,152,522,370,656,323,370,84,224,39,177,323,800,600
1,1,781,452,446,565,19,88,214,321,752,462,619,274,268,380,439,430,318,160,379,42,429,251,588,173,374,214,352,131,800,600
1,1,199,509,344,296,784,420,149,203,294,351,654,84,516,524,340,126,81,504,800,600
1,1,278,429,251,95,404,469,744,153,274,285,76,387,743,0,800,600
1,1,489,141,534,481,111,280,111,365,164,353,800,600
1,1,609,387,558,593,79,150,164,360,575,12,800,600
1,1,421,117,651,425,496,375,457,73,362,502,418,426,230,534,45,229,734,517,599,520,332,222,800,600
1,1,256,348,388,328,345,519,361,461,672,416,739,50,725,97,192,307,442,263,800,600
1,1,155,540,180,563,673,545,705,449,17,394,436,52,763,80,357,428,738,289,800,600
1,1,726,452,177,15,461,305,339,496,604,194,620,415,800,600
1,1,190,31,375,572,273,564,109,511,66,483,295,554,800,600
1,1,318,483,222,95,311,546,273,284,544,425,567,42,800,600
1,1,280,311,448,312,219,369,407,96,735,142,800,600
1,1,280,149,632,357,381,212,521,196,536,314,405,452,297,81,283,180,31,352,447,281,708,206,561,313,800,600
1,1,310,433,753,548,390,163,702,321,560,214,130,230,403,403,796,113,606,337,310,338,227,110,36,474,198,443,800,600
1,1,568,25,441,280,77,255,749,342,535,304,744,344,9,524,406,388,800,600
